
____________________________________
z: 
 8.44818
0.251553
z_pred: 
 8.46292
0.243462
Zsig: 
 8.46292   10.195  8.46292  8.54948  8.46292  8.46292  8.47051  8.46292  6.73087  8.46292  8.37636  8.46292  8.46292  8.45532  8.46292
0.243462 0.243462  1.97551 0.245953 0.243462 0.243462 0.243681 0.243462 0.243462 -1.48859 0.240972 0.243462 0.243462 0.243244 0.243462
S: 
    1.02502 7.24025e-05
7.24025e-05      1.0225
Xsig_pred: 
   8.46292     10.195    8.46292    8.54948    8.46292    8.46292    8.47051    8.46292    6.73087    8.46292    8.37636    8.46292    8.46292    8.45532    8.46292
  0.243462   0.243462    1.97551   0.245953   0.243462   0.243462   0.243681   0.243462   0.243462   -1.48859   0.240972   0.243462   0.243462   0.243244   0.243462
         0          0          0    1.73205          0          0   0.303951          0          0          0   -1.73205          0          0  -0.303951          0
 0.0287602  0.0287602  0.0287602  0.0287602    1.76081   0.115356  0.0287602  0.0299508  0.0287602  0.0287602  0.0287602   -1.70329 -0.0578354  0.0287602  0.0275696
         0          0          0          0          0    1.73205          0  0.0476276          0          0          0          0   -1.73205          0 -0.0476276
x_ =       8.4485
    0.251375
-0.000718136
   0.0287602
-2.08167e-17
P_ =    0.0220061  3.49722e-08   0.00111389  3.60824e-33 -8.11693e-34
 3.49722e-08    0.0220049  3.20445e-05   4.0556e-33 -7.35238e-33
  0.00111389  3.20445e-05      1.02828 -9.59487e-33  2.57913e-33
 3.60824e-33 -2.11038e-33 -5.74301e-33       1.0025    0.0500149
-8.11693e-34 -7.35238e-33  2.57913e-33    0.0500149      1.00076

____________________________________
z: 
   8.57101
 0.0282318
-0.0105258
z_pred: 
     8.45352
   0.0297451
-0.000437774
Zsig: 
     8.45221      8.70969      8.46376      8.54012      8.45225      8.45221      8.45982      8.45221      8.19473      8.44845      8.36429      8.45225      8.45221      8.44459      8.45221
    0.029745    0.0288676    0.0600931    0.0297349    0.0297408    0.0297448    0.0297441     0.029745    0.0306775 -0.000658089    0.0297554    0.0297492    0.0297452    0.0297459     0.029745
-0.000718136    0.0122875  -0.00034383       1.7556  0.000119208 -0.000715504     0.303603 -0.000718136   -0.0137237   -0.0010918     -1.75704  0.000120603 -0.000715382    -0.305039 -0.000718134
S: 
    0.114717 -4.83046e-07    0.0533592
-4.83046e-07   0.00120783 -6.22421e-06
   0.0533592 -6.22421e-06      1.14915
Xsig_pred: 
     8.44847      8.70606      8.44849      8.53635      8.44851      8.44847      8.45608      8.44847      8.19088      8.44845      8.36059      8.44851      8.44847      8.44085      8.44847
    0.251374     0.251393     0.508308     0.253902      0.25134     0.251372     0.251593     0.251374     0.251355  -0.00555984     0.248846     0.251411     0.251375     0.251155     0.251374
-0.000718136    0.0122875 -0.000343999      1.75561 -0.000718136 -0.000718136     0.303603 -0.000718136   -0.0137238  -0.00109227     -1.75704 -0.000718136 -0.000718136     -0.30504 -0.000718136
   0.0287602    0.0287602    0.0287602    0.0287602      1.76731     0.115386    0.0287602    0.0299537    0.0287602    0.0287602    0.0287602     -1.70979   -0.0578656    0.0287602    0.0275667
-2.08167e-17 -2.08167e-17 -2.08167e-17 -2.08167e-17    0.0865203      1.73054 -2.08167e-17    0.0476857 -2.08167e-17 -2.08167e-17 -2.08167e-17   -0.0865203     -1.73054 -2.08167e-17   -0.0476857
x_ =     8.47147
   0.248796
-0.00562322
  0.0287633
  2.858e-07
P_ =    0.0178294  4.26894e-05   0.00334968  4.54976e-07  4.30788e-08
 4.26894e-05    0.0163979  9.66119e-05 -1.53357e-05 -1.42998e-06
  0.00334968  9.66119e-05    0.0827959  3.73163e-07  5.09637e-08
 4.54976e-07 -1.53357e-05  3.73163e-07      1.01002     0.100129
 4.30788e-08 -1.42998e-06  5.09637e-08     0.100129      1.00151

____________________________________
z: 
 8.45582
0.253997
z_pred: 
  8.4713
0.248791
Zsig: 
  8.47119   8.70464   8.47125   8.49603   8.47153   8.47119    8.4788   8.47119   8.23774   8.47113   8.44635   8.47151   8.47119   8.46357   8.47119
 0.248788  0.249404  0.470586  0.249503  0.248521  0.248776  0.249007  0.248788  0.248172 0.0269903  0.248073  0.249075    0.2488  0.248569  0.248788
S: 
  0.0408913 5.88653e-05
5.88653e-05   0.0388984
Xsig_pred: 
     8.47119      8.70464      8.47125      8.49603      8.47153      8.47119       8.4788      8.47119      8.23774      8.47113      8.44635      8.47151      8.47119      8.46357      8.47119
    0.248788     0.249404     0.470586     0.249503     0.248521     0.248776     0.249007     0.248788     0.248172    0.0269903     0.248073     0.249075       0.2488     0.248569     0.248788
 -0.00562322    0.0378274  -0.00442493     0.490863  -0.00562322  -0.00562322     0.298698  -0.00562322   -0.0490738   -0.0068215    -0.502109  -0.00562322  -0.00562322    -0.309945  -0.00562322
   0.0287633    0.0287692    0.0285558    0.0287655       1.7781     0.115099    0.0287633    0.0299568    0.0287574    0.0289707     0.028761     -1.72058   -0.0575726    0.0287633    0.0275698
   2.858e-07  8.44599e-07 -1.90574e-05  5.91528e-07     0.172566      1.72475    2.858e-07     0.047686    -2.73e-07   1.9629e-05 -1.99285e-08    -0.172566     -1.72475    2.858e-07   -0.0476854
x_ =      8.46434
    0.250973
 -0.00872107
   0.0287375
-3.25357e-06
P_ =    0.0101196  1.87354e-05   0.00454743   2.9718e-06  4.08201e-07
 1.87354e-05   0.00948531  0.000130799 -0.000102541 -1.40843e-05
  0.00454743  0.000130799     0.111995  3.66326e-07  5.00179e-08
  2.9718e-06 -0.000102541  3.66326e-07      1.02255      0.15028
 4.08201e-07 -1.40843e-05  5.00179e-08      0.15028      1.00227

____________________________________
z: 
  8.42927
0.0301427
 -1.85813
z_pred: 
    8.46833
   0.029642
-0.00523753
Zsig: 
    8.46758     8.64606     8.47438     8.49914     8.46815     8.46758     8.47676     8.46758     8.28911     8.46414     8.43602     8.46815     8.46758      8.4584     8.46758
   0.029642   0.0290816   0.0495403   0.0296386   0.0295863   0.0296393    0.029641    0.029642   0.0302266  0.00971953   0.0296454   0.0296975   0.0296447    0.029643    0.029642
-0.00872107   0.0695761 -0.00654295    0.565603  0.00168102 -0.00868312    0.325353 -0.00872107  -0.0870181  -0.0108951   -0.583045   0.0016965 -0.00868163   -0.342795 -0.00872104
S: 
    0.100987 -1.35488e-07     0.011725
-1.35488e-07   0.00103225 -1.25383e-06
    0.011725 -1.25383e-06      0.23922
Xsig_pred: 
     8.46386       8.6424      8.46398      8.49541      8.46444      8.46386      8.47304      8.46386      8.28532      8.46374      8.43232      8.46442      8.46386      8.45469      8.46386
    0.250959     0.251406     0.419652     0.251866     0.250505     0.250937     0.251223     0.250959     0.250513    0.0822662     0.250052     0.251446     0.250982     0.250695     0.250959
 -0.00872107    0.0695761  -0.00654463     0.565604  -0.00872107  -0.00872107     0.325353  -0.00872107   -0.0870182   -0.0108975    -0.583046  -0.00872107  -0.00872107    -0.342796  -0.00872107
   0.0287375    0.0287887    0.0269138    0.0287393      1.79435     0.122968    0.0287375    0.0301758    0.0286863    0.0305612    0.0287356     -1.73688    -0.065493    0.0287375    0.0272992
-3.25357e-06  3.77477e-06 -0.000253745 -3.00121e-06     0.257404       1.7148 -3.25357e-06    0.0523446 -1.02819e-05  0.000247238 -3.50593e-06     -0.25741     -1.71481 -3.25357e-06   -0.0523511
x_ =     8.37861
   0.249046
   -1.16205
  0.0287486
1.00367e-06
P_ =    0.0093311  3.12203e-05    0.0039526  9.74323e-06  1.73725e-06
 3.12203e-05   0.00827064  0.000113771 -0.000331501 -5.87239e-05
   0.0039526  0.000113771     0.055952  2.97717e-06  6.94341e-07
 9.74323e-06 -0.000331501  2.97717e-06      1.04209     0.205381
 1.73725e-06 -5.87239e-05  6.94341e-07     0.205381      1.00319

____________________________________
z: 
8.23962
0.24916
z_pred: 
 8.34045
0.247949
Zsig: 
  8.31477   8.48598   8.31487   8.33694   8.39351   8.31495   8.32395   8.31477   8.14357   8.31468   8.29261   8.38992   8.31478    8.3056   8.31477
  0.24721  0.247871  0.405135  0.247847  0.186954  0.244234  0.247474   0.24721   0.24655 0.0892844  0.246575  0.311891  0.250191  0.246946   0.24721
S: 
  0.0337773 4.84202e-05
4.84202e-05   0.0321186
Xsig_pred: 
     8.31477      8.48598      8.31487      8.33694      8.39351      8.31495      8.32395      8.31477      8.14357      8.31468      8.29261      8.38992      8.31478       8.3056      8.31477
     0.24721     0.247871     0.405135     0.247847     0.186954     0.244234     0.247474      0.24721      0.24655    0.0892844     0.246575     0.311891     0.250191     0.246946      0.24721
    -1.16205     -1.09118     -1.16014    -0.758533     -1.16205     -1.16205    -0.827974     -1.16205     -1.23293     -1.16397     -1.56558     -1.16205     -1.16205     -1.49614     -1.16205
   0.0287486    0.0289233    0.0223729      0.02877      1.81601     0.122137    0.0287486    0.0301869    0.0285739    0.0351244    0.0287272     -1.75852   -0.0646394    0.0287486    0.0273103
 1.00367e-06  3.21535e-05  -0.00111754  6.00297e-06     0.348471      1.69945  1.00367e-06    0.0523498 -3.01462e-05   0.00111954 -3.99562e-06    -0.348469     -1.69945  1.00367e-06   -0.0523478
x_ =     8.30679
    0.24821
   -1.18607
  0.0239271
-0.00115208
P_ =   0.0075121  2.2595e-05  0.00536063 0.000759086 0.000181541
 2.2595e-05  0.00673805 0.000153983  -0.0263721 -0.00630659
 0.00536063 0.000153983   0.0912364 2.58643e-06  6.0552e-07
0.000759086  -0.0263721 2.58643e-06     1.02353    0.249973
0.000181541 -0.00630659  6.0552e-07    0.249973     1.00157

____________________________________
z: 
   7.9351
0.0237437
 -3.81077
z_pred: 
  8.27667
0.0298965
-0.677075
Zsig: 
   8.25119    8.40662    8.26663     8.2768    8.31633    8.25125    8.25879    8.25119    8.09578    8.25751    8.22559    8.31703    8.25128    8.24359    8.25119
 0.0299144  0.0293323  0.0509009  0.0298958  0.0227723  0.0296127  0.0299089  0.0299144  0.0305392 0.00887292  0.0299332  0.0369616  0.0302161    0.02992  0.0299144
  -1.18605   -1.07889  -0.983004  -0.673979   0.132753   -1.18244  -0.882061   -1.18606   -1.29288  -0.995729   -1.69812   0.146881   -1.18123   -1.49004   -1.18604
S: 
   0.099116 6.68729e-07    0.027381
6.68729e-07  0.00106413 2.23781e-05
   0.027381 2.23781e-05    0.551874
Xsig_pred: 
     8.2475       8.403     8.25592      8.2731     8.31417     8.24763      8.2551      8.2475     8.09201     8.25718      8.2219     8.31135     8.24751      8.2399      8.2475
   0.246793     0.24655    0.420597    0.247405    0.189365    0.244306    0.246975    0.246793      0.2472   0.0732672    0.246181    0.307341    0.249283    0.246611    0.246793
   -1.18607    -1.07894    -1.18316   -0.673991    -1.18607    -1.18607   -0.882077    -1.18607     -1.2932    -1.18898    -1.69815    -1.18607    -1.18607    -1.49006    -1.18607
  0.0238695   0.0392204   -0.539301   0.0238725     1.70573    0.107862   0.0238695   0.0250604  0.00851856     0.58704   0.0238664    -1.65799  -0.0601231   0.0238695   0.0226785
-0.00115208   0.0024758   -0.134237 -0.00115148    0.405583      1.6786 -0.00115208   0.0464822 -0.00477997    0.131933 -0.00115268   -0.407887     -1.6809 -0.00115208  -0.0487863
x_ =   8.10164
 0.233507
 -1.88781
0.0951097
0.0187584
P_ =   0.00714389 -7.22961e-05   0.00424266   0.00163333  0.000433067
-7.22961e-05   0.00948482  5.68437e-05   -0.0556221   -0.0144624
  0.00424266  5.68437e-05    0.0948337   0.00095296   0.00030177
  0.00163333   -0.0556221   0.00095296     0.991849     0.284676
 0.000433067   -0.0144624   0.00030177     0.284676     0.998324

____________________________________
z: 
 7.84073
0.159858
z_pred: 
 8.04872
0.228487
Zsig: 
   8.00767    8.15873      8.043    8.03389    8.09676    8.00815    8.01524    8.00767    7.85668    8.05802    7.98144    8.07894     8.0074     8.0001    8.00767
  0.224498   0.220417   0.476049   0.226788   0.139237   0.220616    0.22522   0.224498   0.228881 -0.0189873   0.222379   0.325134   0.228401   0.223776   0.224498
S: 
  0.0314657 -0.00098888
-0.00098888   0.0458235
Xsig_pred: 
   8.00767    8.15873      8.043    8.03389    8.09676    8.00815    8.01524    8.00767    7.85668    8.05802    7.98144    8.07894     8.0074     8.0001    8.00767
  0.224498   0.220417   0.476049   0.226788   0.139237   0.220616    0.22522   0.224498   0.228881 -0.0189873   0.222379   0.325134   0.228401   0.223776   0.224498
  -1.88781   -1.80086   -1.88603   -1.36156   -1.88781   -1.88781   -1.58381   -1.88781   -1.97475   -1.88958   -2.41406   -1.88781   -1.88781   -2.19181   -1.88781
 0.0960476   0.129962  -0.905776  0.0993415    1.53019   0.178952  0.0960476  0.0972386  0.0621329    1.09787  0.0927538   -1.33809  0.0131436  0.0960476  0.0948567
 0.0187584  0.0276329  -0.238383  0.0198796      0.443    1.67671  0.0187584  0.0663936 0.00988376     0.2759  0.0176371  -0.405483   -1.63919  0.0187584 -0.0288769
x_ =  7.99062
 0.19679
-1.95348
 0.24819
0.061608
P_ =   0.00640015 -0.000347438   0.00697631    0.0041275   0.00127284
-0.000347438    0.0114447     0.000388   -0.0623891   -0.0179058
  0.00697631     0.000388     0.122611   0.00052238  0.000135666
   0.0041275   -0.0623891   0.00052238     0.668428     0.232871
  0.00127284   -0.0179058  0.000135666     0.232871      0.96987

____________________________________
z: 
  7.61428
0.0204653
 -3.22052
z_pred: 
  7.92923
0.0227787
 -1.27322
Zsig: 
   7.89786    8.04579    7.93331    7.92648    7.96061    7.89886    7.90526    7.89786    7.75043    7.96138    7.86923    7.92365    7.89706    7.89045    7.89786
  0.021862  0.0197918  0.0566441  0.0226906   0.013072  0.0213744  0.0220778   0.021862  0.0242049 -0.0103086  0.0210346  0.0332607   0.022356  0.0216459   0.021862
   -1.9023   -1.70968   -1.31407   -1.33039  -0.616154   -1.85951   -1.60635   -1.90177   -2.08499  -0.557359   -2.47426   -1.36981    -1.9323   -2.19822   -1.90283
S: 
  0.0982264 -0.00030707   0.0291578
-0.00030707  0.00130977 -0.00521513
  0.0291578 -0.00521513    0.526782
Xsig_pred: 
   7.89597    8.04421    7.92059    7.92444    7.95993    7.89706    7.90334    7.89597    7.74816    7.96096    7.86748    7.91927    7.89509     7.8886    7.89597
   0.17265   0.159231   0.449135   0.179841   0.104058   0.168821   0.174517    0.17265    0.18758 -0.0820691   0.165514   0.263498   0.176532   0.170783    0.17265
  -1.95348   -1.80244   -1.94106   -1.36623   -1.95348   -1.95348   -1.64949   -1.95348   -2.10452    -1.9659   -2.54073   -1.95348   -1.95348   -2.25747   -1.95348
  0.251271   0.342011  -0.770491   0.252252    1.26298   0.332798   0.251271   0.252462   0.160531    1.27303    0.25029  -0.760434   0.169743   0.251271    0.25008
  0.061608  0.0891655  -0.227415  0.0613277   0.470189    1.69206   0.061608   0.109242  0.0340504   0.350631  0.0618882  -0.346973   -1.56884   0.061608  0.0139737
x_ =   7.80356
 0.282172
 -2.54814
-0.511059
-0.276029
P_ =   0.00617489 -0.000364609    0.0050251   0.00255569  0.000227464
-0.000364609    0.0161581   0.00974823   -0.0697561   -0.0216096
   0.0050251   0.00974823      0.10821   -0.0577115   -0.0257829
  0.00255569   -0.0697561   -0.0577115     0.443101     0.189741
 0.000227464   -0.0216096   -0.0257829     0.189741     0.936464

____________________________________
z: 
 7.54016
0.159641
z_pred: 
 7.71513
0.329569
Zsig: 
   7.69286    7.83054    7.79195    7.72138    7.67737    7.69046    7.69949    7.69286    7.55584      7.682     7.6628    7.75441    7.69549    7.68623    7.69286
  0.345256   0.328406   0.622196   0.339711    0.26454   0.340799   0.341538   0.345256   0.362448 0.00514806    0.34589   0.399718   0.349579   0.348973   0.345256
S: 
 0.0309228 0.00549278
0.00549278  0.0560085
Xsig_pred: 
   7.69286    7.83054    7.79195    7.72138    7.67737    7.69046    7.69949    7.69286    7.55584      7.682     7.6628    7.75441    7.69549    7.68623    7.69286
  0.345256   0.328406   0.622196   0.339711    0.26454   0.340799   0.341538   0.345256   0.362448 0.00514806    0.34589   0.399718   0.349579   0.348973   0.345256
  -2.54814   -2.43738   -2.41118   -2.00629   -2.54814   -2.54814   -2.24415   -2.54814    -2.6589    -2.6851   -3.08999   -2.54814   -2.54814   -2.85213   -2.54814
 -0.524861  -0.468279   -1.48865  -0.619473    0.14289  -0.445396  -0.524861   -0.52367  -0.581444   0.438929  -0.430249   -1.19261  -0.604327  -0.524861  -0.526052
 -0.276029  -0.271015  -0.570492  -0.345372    0.16241    1.31319  -0.276029  -0.228395  -0.281043  0.0184341  -0.206686  -0.714468   -1.86525  -0.276029  -0.323663
x_ =   7.65739
 0.216408
  -2.6503
-0.107614
-0.102223
P_ =  0.00583832  0.00163402  0.00911948 -0.00992805 -0.00640048
 0.00163402   0.0133009  0.00413615  -0.0450245   -0.016423
 0.00911948  0.00413615    0.131223  -0.0279667  -0.0127903
-0.00992805  -0.0450245  -0.0279667    0.224419    0.146002
-0.00640048   -0.016423  -0.0127903    0.146002    0.902597

____________________________________
z: 
  7.50876
0.0127032
 -1.89765
z_pred: 
  7.53412
0.0303339
 -2.29105
Zsig: 
    7.51598     7.66869      7.5702      7.5489     7.52254     7.51528      7.5251     7.51598     7.37062     7.53142     7.48291     7.54105     7.51701     7.50685     7.51598
  0.0309373   0.0389007   0.0677556   0.0308757   0.0219821   0.0301317   0.0307682   0.0309373    0.021812 -0.00740337   0.0306778   0.0392839   0.0317364   0.0311068   0.0309373
    -2.6228    -2.26454    -1.75484    -2.02472    -2.49087    -2.64556    -2.29165    -2.62335    -2.84332     -2.2771    -3.22369    -2.13152    -2.58139    -2.95394    -2.62225
S: 
  0.0981117 0.000694634   0.0269828
0.000694634  0.00142023  0.00462432
  0.0269828  0.00462432    0.354765
Xsig_pred: 
   7.51238    7.66289    7.55283     7.5453    7.52072    7.51187    7.52154    7.51238    7.36887    7.53121    7.47939    7.53523    7.51322    7.50322    7.51238
  0.232487   0.298242   0.512531    0.23304   0.165348   0.226414   0.231498   0.232487   0.160755 -0.0557574   0.229523   0.296166   0.238523   0.233477   0.232487
   -2.6503   -2.44358   -2.62609   -2.05839    -2.6503    -2.6503   -2.31562    -2.6503   -2.85702    -2.6745    -3.2422    -2.6503    -2.6503   -2.98498    -2.6503
 -0.113241  -0.346279  -0.771208  -0.150261   0.370607 -0.0296808  -0.113241  -0.111798   0.119797   0.544725 -0.0762221   -0.59709  -0.196802  -0.113241  -0.114685
 -0.102223   -0.24731  -0.325843  -0.107233   0.474626    1.41566  -0.102223 -0.0497798  0.0428643   0.121397 -0.0972133  -0.679072    -1.6201  -0.102223  -0.154666
x_ =    7.54975
  0.209414
  -2.43248
-0.0923284
 -0.125183
P_ =  0.00552787  0.00127308  0.00497993 -0.00500159 -0.00263357
 0.00127308   0.0174026 -0.00699842  -0.0439958  -0.0208407
 0.00497993 -0.00699842   0.0782597   0.0209609   0.0256289
-0.00500159  -0.0439958   0.0209609    0.147239    0.140363
-0.00263357  -0.0208407   0.0256289    0.140363    0.870104

____________________________________
z: 
   7.3426
0.0345312
z_pred: 
 7.42672
0.222369
Zsig: 
   7.41645    7.55391    7.44018    7.44124    7.42002    7.41609    7.42563    7.41645    7.28071    7.43618    7.39202    7.42872    7.41707    7.40728    7.41645
  0.222219   0.266151   0.522867    0.21585   0.176229   0.217169    0.22137   0.222219   0.176609 -0.0761179   0.230404   0.266686   0.227245   0.223069   0.222219
S: 
 0.0290306 0.00224706
0.00224706  0.0537761
Xsig_pred: 
    7.41645     7.55391     7.44018     7.44124     7.42002     7.41609     7.42563     7.41645     7.28071     7.43618     7.39202     7.42872     7.41707     7.40728     7.41645
   0.222219    0.266151    0.522867     0.21585    0.176229    0.217169     0.22137    0.222219    0.176609  -0.0761179    0.230404    0.266686    0.227245    0.223069    0.222219
   -2.43248    -2.31647    -2.54034    -1.97457    -2.43248    -2.43248    -2.09779    -2.43248    -2.54849    -2.32462     -2.8904    -2.43248    -2.43248    -2.76717    -2.43248
   -0.09922   -0.219115   -0.681296  -0.0593796     0.26888  -0.0235814    -0.09922  -0.0977764   0.0206746    0.482856    -0.13906   -0.467319   -0.174859    -0.09922   -0.100664
  -0.125183   -0.186534   -0.393117 -0.00484321    0.670145     1.24876   -0.125183  -0.0727386  -0.0638311    0.142752   -0.245522    -0.92051    -1.49913   -0.125183   -0.177627
x_ =   7.40191
 0.110645
 -2.42417
 0.138926
0.0266165
P_ =  0.00500491 0.000731041  0.00810071 -0.00258337 -0.00124149
0.000731041   0.0130554 -0.00462363  -0.0273692  -0.0176271
 0.00810071 -0.00462363    0.109897   0.0110608   0.0181565
-0.00258337  -0.0273692   0.0110608   0.0847517    0.136505
-0.00124149  -0.0176271   0.0181565    0.136505    0.837733

____________________________________
z: 
    7.20598
0.000683772
   -2.79536
z_pred: 
  7.27801
0.0128503
 -2.27107
Zsig: 
   7.27052    7.40339    7.27732    7.29978     7.2823    7.27115    7.27963    7.27052    7.13847     7.2946    7.24116    7.27189    7.27007    7.26141    7.27052
  0.012667  0.0161155   0.047523  0.0128969 0.00718213  0.0120886  0.0128259   0.012667 0.00890621 -0.0211705  0.0125932  0.0183867  0.0132487  0.0125077   0.012667
  -2.40442   -2.22192   -2.37488   -1.87164   -2.15531   -2.37956   -2.07297   -2.40398   -2.57208   -1.94478   -2.93905   -2.36562   -2.41931   -2.73586   -2.40486
S: 
  0.0962345 5.38739e-05   0.0153341
5.38739e-05  0.00130822 -0.00238503
  0.0153341 -0.00238503    0.260111
Xsig_pred: 
    7.26994     7.40243      7.2691     7.29918     7.28211     7.27062     7.27903     7.26994     7.13818     7.29296     7.24059     7.27067     7.26943     7.26084     7.26994
  0.0920932    0.119304     0.34571   0.0941422    0.052302   0.0878958   0.0933654   0.0920932   0.0635758   -0.154419    0.091187    0.133699   0.0963159    0.090821   0.0920932
   -2.42417    -2.22584    -2.51256    -1.89262    -2.42417    -2.42417    -2.08995    -2.42417     -2.6225    -2.33578    -2.95572    -2.42417    -2.42417    -2.75839    -2.42417
   0.140389   0.0754701   -0.285057    0.161927    0.482618    0.204216    0.140389    0.141829    0.205309    0.565836    0.118852   -0.201839    0.076563    0.140389     0.13895
  0.0266165 -0.00377875   -0.238929   0.0962747     1.07015     1.18763   0.0266165   0.0789872   0.0570117    0.292162  -0.0430417    -1.01692    -1.13439   0.0266165  -0.0257543
x_ =   7.24068
0.0906687
 -2.73631
 0.123527
-0.061489
P_ =  0.00498558 0.000799071  0.00601449 -0.00206338 -0.00112256
0.000799071   0.0143493  0.00329234   -0.026521  -0.0232577
 0.00601449  0.00329234   0.0605838 -0.00985129  -0.0219277
-0.00206338   -0.026521 -0.00985129   0.0740649    0.151846
-0.00112256  -0.0232577  -0.0219277    0.151846    0.801384

____________________________________
z: 
   7.05406
-0.0533413
z_pred: 
  7.09758
0.0725738
Zsig: 
  7.09136   7.22101    7.0974   7.11274   7.10379   7.09189   7.10048   7.09136   6.96221   7.10788   7.07023    7.0928   7.09096   7.08224   7.09136
0.0723859   0.10025  0.336529 0.0784492 0.0283484 0.0685737 0.0735178 0.0723859 0.0437433 -0.190419  0.065178   0.11812 0.0762139 0.0712539 0.0723859
S: 
  0.0282988 0.000729683
0.000729683   0.0465977
Xsig_pred: 
    7.09136     7.22101      7.0974     7.11274     7.10379     7.09189     7.10048     7.09136     6.96221     7.10788     7.07023      7.0928     7.09096     7.08224     7.09136
  0.0723859     0.10025    0.336529   0.0784492   0.0283484   0.0685737   0.0735178   0.0723859   0.0437433   -0.190419    0.065178     0.11812   0.0762139   0.0712539   0.0723859
   -2.73631    -2.58878     -2.7025    -2.33776    -2.73631    -2.73631    -2.40209    -2.73631    -2.88385    -2.77013    -3.13486    -2.73631    -2.73631    -3.07054    -2.73631
   0.120147    0.068018   -0.278673   0.0900571    0.458154    0.171323    0.120147    0.121587    0.172276    0.518968    0.150237    -0.21786   0.0689714    0.120147    0.118707
  -0.061489  -0.0890257   -0.396676   -0.187911     1.12533    0.869383   -0.061489 -0.00911732  -0.0339523    0.273698   0.0649329    -1.24831   -0.992361   -0.061489   -0.113861
x_ =    7.08711
0.00694012
  -2.76559
  0.230878
 0.0683703
P_ =    0.0046033  0.000280248   0.00800182 -0.000398693   0.00126099
 0.000280248    0.0116313   0.00246625    -0.019649   -0.0236406
  0.00800182   0.00246625    0.0936237  -0.00618999    -0.016857
-0.000398693    -0.019649  -0.00618999     0.057615     0.153222
  0.00126099   -0.0236406    -0.016857     0.153222     0.750854

____________________________________
z: 
   6.74737
-0.0212224
  -1.67069
z_pred: 
    6.94557
-0.00392607
   -2.57088
Zsig: 
    6.93922     7.06733     6.94057     6.96486      6.9569     6.93998     6.94816     6.93922     6.81119      6.9616     6.91383     6.93551     6.93855     6.93029     6.93922
-0.00405377 -0.00242108   0.0299124 -0.00287398    -0.01019 -0.00447825 -0.00374598 -0.00405377  -0.0057772  -0.0375338 -0.00535994  0.00257762 -0.00362645 -0.00436236 -0.00405377
   -2.68718    -2.49465    -2.71013     -2.2231    -2.30721    -2.65856    -2.36261    -2.68624     -2.8784    -2.29523    -3.14564    -2.74974    -2.71142    -3.01171    -2.68812
S: 
   0.0958089 -5.72132e-05    0.0149632
-5.72132e-05   0.00129424  -0.00246163
   0.0149632  -0.00246163     0.245425
Xsig_pred: 
   6.93916    7.06731    6.93747    6.96483    6.95653    6.93991    6.94811    6.93916    6.81108     6.9567    6.91373    6.93549     6.9385    6.93022    6.93916
-0.0281299 -0.0171105   0.207578 -0.0200168 -0.0708896 -0.0310789 -0.0260276 -0.0281299 -0.0393494  -0.261234 -0.0370576  0.0178771 -0.0251622 -0.0302323 -0.0281299
  -2.76559   -2.56132   -2.73378    -2.2776   -2.76559   -2.76559   -2.43136   -2.76559   -2.96987    -2.7974   -3.25358   -2.76559   -2.76559   -3.09982   -2.76559
  0.234637   0.226229  -0.101723    0.21633   0.573827   0.274641   0.234637   0.236077   0.243045   0.570998   0.252944  -0.104553   0.194633   0.234637   0.233198
 0.0683703   0.100562  -0.312811 -0.0238911    1.32065   0.796039  0.0683703   0.120742   0.036179   0.449551   0.160632   -1.18391  -0.659298  0.0683703  0.0159986
x_ =   6.98478
-0.108249
 -2.34692
 0.428732
 0.521313
P_ =   0.00464165  0.000457922   0.00593723 -0.000613568  2.60873e-05
 0.000457922    0.0126442   0.00947398   -0.0200243   -0.0292436
  0.00593723   0.00947398    0.0668167   -0.0234054   -0.0640297
-0.000613568   -0.0200243   -0.0234054    0.0553495     0.154651
 2.60873e-05   -0.0292436   -0.0640297     0.154651     0.671932

____________________________________
z: 
  6.84972
-0.258748
z_pred: 
  6.87254
-0.163025
Zsig: 
  6.86822   6.99293   6.86421   6.88491     6.889   6.86911   6.87658   6.86822   6.74365   6.88614   6.85353   6.85726   6.86737   6.85986   6.86822
-0.163561 -0.146657 0.0713098 -0.146965 -0.194626 -0.165366 -0.159742 -0.163561 -0.180686 -0.397085 -0.182755 -0.127825 -0.161739 -0.167381 -0.163561
S: 
   0.0279137 -0.000219452
-0.000219452    0.0413661
Xsig_pred: 
  6.86822   6.99293   6.86421   6.88491     6.889   6.86911   6.87658   6.86822   6.74365   6.88614   6.85353   6.85726   6.86737   6.85986   6.86822
-0.163561 -0.146657 0.0713098 -0.146965 -0.194626 -0.165366 -0.159742 -0.163561 -0.180686 -0.397085 -0.182755 -0.127825 -0.161739 -0.167381 -0.163561
 -2.34692  -2.19597  -2.20976  -1.94835  -2.34692  -2.34692  -2.01268  -2.34692  -2.49786  -2.48407  -2.74548  -2.34692  -2.34692  -2.68115  -2.34692
 0.457392   0.44183  0.124522  0.375164  0.780464  0.488584  0.457392  0.458832  0.472954  0.790262   0.53962   0.13432    0.4262  0.457392  0.455952
 0.521313  0.521976 0.0700179  0.194411   1.69748   1.08868  0.521313  0.573685  0.520649  0.972608  0.848215 -0.654851 -0.046053  0.521313   0.46894
x_ =   6.86852
-0.206582
 -2.38756
 0.525812
 0.633352
P_ =  0.00436298 -9.6219e-05  0.00714306  0.00136882  0.00490565
-9.6219e-05   0.0102612  0.00785196  -0.0164085  -0.0275045
 0.00714306  0.00785196   0.0962514  -0.0169833  -0.0483836
 0.00136882  -0.0164085  -0.0169833    0.052263    0.154319
 0.00490565  -0.0275045  -0.0483836    0.154319    0.609589

____________________________________
z: 
   6.67866
-0.0519302
  -2.02379
z_pred: 
   6.77616
-0.0393933
  -1.88782
Zsig: 
    6.77158     6.89626     6.75979     6.78957     6.79582     6.77233       6.778     6.77158     6.64666     6.80034     6.75506     6.75663     6.77085     6.76517     6.77158
 -0.0396023    -0.03908 -0.00872251   -0.037106  -0.0435458  -0.0397662  -0.0390021  -0.0396023  -0.0400372  -0.0699664  -0.0423626  -0.0347446  -0.0394368  -0.0402037  -0.0396023
   -1.97448     -1.7663    -2.17339     -1.6283    -1.42032    -1.94363     -1.7239    -1.97289    -2.18814    -1.50738    -2.28566     -2.3076    -2.00433    -2.22486    -1.97608
S: 
     0.09558 -0.000198976    0.0165126
-0.000198976   0.00122159  -0.00367031
   0.0165126  -0.00367031     0.267288
Xsig_pred: 
   6.76628    6.89099    6.75953    6.78489    6.78937    6.76698    6.77284    6.76628    6.64134     6.7837      6.749    6.75256    6.76559    6.75971    6.76628
 -0.268101  -0.269437 -0.0589616  -0.251876  -0.295836  -0.269239  -0.264289  -0.268101  -0.266043  -0.475407  -0.286076  -0.234709  -0.266951  -0.271912  -0.268101
  -2.38756   -2.20026    -2.2506   -1.90289   -2.38756   -2.38756   -2.08371   -2.38756   -2.57487   -2.52453   -2.87224   -2.38756   -2.38756   -2.69142   -2.38756
  0.557467    0.59979   0.253976   0.506786    0.89013   0.579914   0.557467   0.558657   0.515144   0.860959   0.608149   0.224804    0.53502   0.557467   0.556277
  0.633352   0.761989   0.164864    0.41655    1.79268    1.08247   0.633352   0.680965   0.504715    1.10184   0.850154  -0.525971   0.184238   0.633352   0.585739
x_ =   6.75643
-0.276578
 -2.46806
 0.546743
 0.569183
P_ =  0.00435832 0.000338896  0.00586549 0.000241577  0.00104279
0.000338896  0.00955482    0.015207  -0.0131363  -0.0195628
 0.00586549    0.015207   0.0973525  -0.0361045   -0.100009
0.000241577  -0.0131363  -0.0361045   0.0395245    0.112463
 0.00104279  -0.0195628   -0.100009    0.112463    0.428094

____________________________________
z: 
  6.64329
-0.462604
z_pred: 
  6.65537
-0.342338
Zsig: 
  6.65199   6.77328   6.65172    6.6651    6.6716   6.65261   6.65847   6.65199   6.53064   6.66169   6.64322   6.63895   6.65138    6.6455   6.65199
-0.342202 -0.329905 -0.142072 -0.319718 -0.366095 -0.343163 -0.338254 -0.342202 -0.354405 -0.543811  -0.36826 -0.314171 -0.341234  -0.34615 -0.342202
S: 
  0.0275584 0.000117409
0.000117409   0.0364287
Xsig_pred: 
  6.65199   6.77328   6.65172    6.6651    6.6716   6.65261   6.65847   6.65199   6.53064   6.66169   6.64322   6.63895   6.65138    6.6455   6.65199
-0.342202 -0.329905 -0.142072 -0.319718 -0.366095 -0.343163 -0.338254 -0.342202 -0.354405 -0.543811  -0.36826 -0.314171 -0.341234  -0.34615 -0.342202
 -2.46806  -2.31417  -2.20632    -2.021  -2.46806  -2.46806   -2.1642  -2.46806  -2.62195   -2.7298  -2.91513  -2.46806  -2.46806  -2.77192  -2.46806
 0.575191  0.582896  0.324348  0.443578  0.848798  0.593718  0.575191  0.576381  0.567485  0.826034  0.706804  0.301584  0.556664  0.575191  0.574001
 0.569183  0.596542  0.220623 0.0927311   1.46228  0.939863  0.569183  0.616796  0.541824  0.917742   1.04563 -0.323918  0.198503  0.569183  0.521569
x_ =   6.65284
-0.388353
 -2.54465
 0.641122
 0.682379
P_ =   0.0041297 5.92073e-05  0.00653518  0.00147485   0.0040796
5.92073e-05   0.0086028   0.0136722  -0.0124828  -0.0215871
 0.00653518   0.0136722    0.112312  -0.0293326  -0.0802026
 0.00147485  -0.0124828  -0.0293326    0.040514     0.11418
  0.0040796  -0.0215871  -0.0802026     0.11418    0.394452

____________________________________
z: 
   6.63205
-0.0840904
  -0.81497
z_pred: 
  6.57284
-0.070896
 -1.78909
Zsig: 
   6.56864    6.68958    6.55359    6.58175    6.59453    6.56931    6.57441    6.56864     6.4474    6.59895     6.5589    6.54963    6.56798    6.56288    6.56864
-0.0710435 -0.0692969 -0.0418069  -0.067579 -0.0743916 -0.0711551 -0.0702864 -0.0710435 -0.0727452   -0.10001 -0.0748866 -0.0667461 -0.0709308 -0.0718019 -0.0710435
  -1.86826   -1.66735   -2.04951   -1.62945   -1.28839   -1.84089   -1.64597   -1.86619   -2.07611   -1.44289   -2.02879   -2.28933   -1.89516   -2.09022   -1.87032
S: 
   0.0952884 -0.000163509    0.0155719
-0.000163509   0.00119288  -0.00316041
   0.0155719  -0.00316041     0.249377
Xsig_pred: 
  6.55207   6.67352   6.54787   6.56672   6.57629   6.55269   6.55818   6.55207   6.43035   6.56598   6.54051   6.53505   6.55146   6.54597   6.55207
-0.466267 -0.463196 -0.273906  -0.44445 -0.490125 -0.467046 -0.461711 -0.466267 -0.468604 -0.658864 -0.490714 -0.436837 -0.465481 -0.470822 -0.466267
 -2.54465  -2.36851  -2.29107  -2.05312  -2.54465  -2.54465  -2.24033  -2.54465  -2.72079  -2.79823  -3.03619  -2.54465  -2.54465  -2.84898  -2.54465
  0.67528  0.720536  0.421533   0.58644  0.965503  0.690875   0.67528  0.676474  0.630025  0.929028   0.76412  0.385058  0.659686   0.67528  0.674087
 0.682379  0.792335  0.278146  0.362015   1.58137  0.993904  0.682379  0.730066  0.572423   1.08661   1.00274  -0.21661  0.370854  0.682379  0.634692
x_ =   6.60995
-0.552242
 -2.38497
 0.955576
  1.38722
P_ =  0.00416316 0.000473508  0.00608078 0.000405802 0.000728676
0.000473508  0.00848538   0.0189272  -0.0103657  -0.0161242
 0.00608078   0.0189272    0.123693  -0.0387593   -0.100108
0.000405802  -0.0103657  -0.0387593   0.0289837   0.0769867
0.000728676  -0.0161242   -0.100108   0.0769867    0.256971

____________________________________
z: 
  6.56029
-0.650892
z_pred: 
  6.54728
-0.651532
Zsig: 
  6.54448   6.66178   6.53777   6.54858    6.5666   6.54515   6.54888   6.54448   6.42703   6.55974    6.5459   6.52521   6.54381   6.54009   6.54448
-0.652052 -0.633198 -0.465496 -0.625517 -0.663426 -0.652478 -0.645832 -0.652052 -0.670792 -0.838287 -0.680258  -0.63633  -0.65162 -0.658272 -0.652052
S: 
   0.0272838 -2.02568e-05
-2.02568e-05    0.0345243
Xsig_pred: 
  6.54448   6.66178   6.53777   6.54858    6.5666   6.54515   6.54888   6.54448   6.42703   6.55974    6.5459   6.52521   6.54381   6.54009   6.54448
-0.652052 -0.633198 -0.465496 -0.625517 -0.663426 -0.652478 -0.645832 -0.652052 -0.670792 -0.838287 -0.680258  -0.63633  -0.65162 -0.658272 -0.652052
 -2.38497  -2.22174    -2.041  -1.90946  -2.38497  -2.38497  -2.08064  -2.38497   -2.5482  -2.72895  -2.86049  -2.38497  -2.38497   -2.6893  -2.38497
  1.02502   1.03689  0.813318  0.897935   1.25023   1.03836   1.02502   1.02621   1.01315   1.23672    1.1521  0.799807   1.01168   1.02502   1.02382
  1.38722   1.40678   1.08151  0.970073   2.04453   1.65369   1.38722   1.43491   1.36766   1.69293   1.80437  0.729916   1.12075   1.38722   1.33953
x_ =   6.54956
-0.651316
  -2.3817
  1.02604
  1.38974
P_ =  0.00394505 -1.0887e-05  0.00478415  0.00225183  0.00517681
-1.0887e-05  0.00783639   0.0178363 -0.00994211  -0.0167358
 0.00478415   0.0178363    0.131642  -0.0322581  -0.0810856
 0.00225183 -0.00994211  -0.0322581   0.0303198   0.0778903
 0.00517681  -0.0167358  -0.0810856   0.0778903    0.237177

____________________________________
z: 
  6.46217
-0.130812
-0.356062
z_pred: 
  6.53452
-0.117288
-0.762738
Zsig: 
   6.53106    6.64957    6.50285    6.53403    6.55975    6.53184    6.53488    6.53106    6.41192    6.57344    6.53273    6.50495    6.53028    6.52725    6.53106
 -0.117537  -0.115081 -0.0897407  -0.113065  -0.118765  -0.117584  -0.116256  -0.117537  -0.119946  -0.144721  -0.122148  -0.115332   -0.11749   -0.11882  -0.117537
 -0.818372  -0.628785    -1.1324  -0.807026  -0.245457  -0.789605  -0.705898  -0.815146   -1.02105  -0.302962    -0.7331   -1.34333  -0.847007  -0.930036  -0.821596
S: 
    0.095384 -0.000240155    0.0178962
-0.000240155   0.00116233  -0.00396468
   0.0178962  -0.00396468     0.266785
Xsig_pred: 
    6.486   6.60558   6.47668   6.49231   6.51354   6.48674   6.49077     6.486   6.36585   6.50472   6.48406   6.46174   6.48526   6.48123     6.486
-0.765876  -0.76355 -0.582787   -0.7372 -0.777239  -0.76627 -0.758006 -0.765876 -0.767238 -0.947998  -0.79598 -0.748568 -0.765476 -0.773747 -0.765876
  -2.3817  -2.24977  -2.03245  -1.87618   -2.3817   -2.3817   -2.0472   -2.3817  -2.51363  -2.73094  -2.88722   -2.3817   -2.3817   -2.7162   -2.3817
   1.1025   1.17245  0.890094   1.01308   1.34879   1.11529    1.1025   1.10394   1.03255   1.31491   1.19193  0.856216   1.08972    1.1025   1.10106
  1.38974    1.5325   1.06257   1.09731   2.05652   1.62211   1.38974   1.44215   1.24698   1.71691   1.68217  0.722957   1.15737   1.38974   1.33732
x_ =  6.50553
-0.81581
-2.46182
 1.22914
 1.67107
P_ =  0.00406965 0.000483007  0.00592868   0.0014374  0.00260398
0.000483007  0.00701407   0.0192579 -0.00539479 -0.00565723
 0.00592868   0.0192579     0.15207  -0.0234833  -0.0550225
  0.0014374 -0.00539479  -0.0234833   0.0145755   0.0351405
 0.00260398 -0.00565723  -0.0550225   0.0351405    0.112292

____________________________________
z: 
 6.45805
-1.05268
z_pred: 
  6.46771
-0.944664
Zsig: 
  6.46608   6.58414   6.45952   6.46782   6.48875   6.46681   6.46916   6.46608   6.34738   6.47801   6.46827   6.44455   6.46534   6.46299   6.46608
 -0.94534 -0.925162 -0.775885 -0.915105 -0.950143  -0.94555  -0.93667  -0.94534  -0.96509  -1.11443 -0.976126 -0.936732 -0.945126 -0.954011  -0.94534
S: 
   0.027367 0.000222468
0.000222468    0.032535
Xsig_pred: 
  6.46608   6.58414   6.45952   6.46782   6.48875   6.46681   6.46916   6.46608   6.34738   6.47801   6.46827   6.44455   6.46534   6.46299   6.46608
 -0.94534 -0.925162 -0.775885 -0.915105 -0.950143  -0.94555  -0.93667  -0.94534  -0.96509  -1.11443 -0.976126 -0.936732 -0.945126 -0.954011  -0.94534
 -2.46182  -2.30086  -2.07652  -1.93093  -2.46182  -2.46182  -2.12732  -2.46182  -2.62279  -2.84712  -2.99271  -2.46182  -2.46182  -2.79633  -2.46182
  1.32108     1.364   1.19869   1.24709   1.50526    1.3324   1.32108   1.32252   1.27816   1.44347   1.39508    1.1369   1.30977   1.32108   1.31964
  1.67107   1.74177   1.54717   1.42862   2.13524   1.87671   1.67107   1.72348   1.60037   1.79496   1.91351   1.20689   1.46542   1.67107   1.61865
x_ =  6.46539
-0.97803
-2.56041
 1.34579
  1.7022
P_ =  0.00400042 0.000126497  0.00433152  0.00286882  0.00553247
0.000126497  0.00693896   0.0201484  -0.0054035 -0.00697973
 0.00433152   0.0201484    0.162188  -0.0202007  -0.0473158
 0.00286882  -0.0054035  -0.0202007   0.0164754   0.0380844
 0.00553247 -0.00697973  -0.0473158   0.0380844    0.108456

____________________________________
z: 
  6.49021
-0.179219
 -1.23944
z_pred: 
  6.53843
-0.171426
 0.128576
Zsig: 
   6.53651    6.65505    6.50023    6.53171    6.56193    6.53723      6.537    6.53651    6.41701    6.58236     6.5442    6.51111    6.53579    6.53602    6.53651
 -0.171653   -0.16729  -0.146128  -0.167029  -0.171321  -0.171652   -0.17025  -0.171653  -0.176028  -0.196565  -0.176226  -0.171276  -0.171654  -0.173057  -0.171653
  0.102969   0.298988  -0.230596 -0.0304337   0.594149   0.129185   0.086406   0.106652  -0.113263   0.555125   0.296366  -0.393867    0.07674    0.12047  0.0992859
S: 
   0.0955172 -0.000181353    0.0181447
-0.000181353   0.00112608  -0.00326425
   0.0181447  -0.00326425      0.24704
Xsig_pred: 
 6.44044  6.56215  6.43095  6.44081  6.46586  6.44116  6.44249  6.44044  6.31785   6.4556  6.44284  6.41584  6.43973  6.43839  6.44044
-1.11651 -1.10814 -0.94649 -1.08592 -1.11871 -1.11663 -1.10756 -1.11651 -1.12375 -1.28555 -1.14729 -1.10975 -1.11639 -1.12547 -1.11651
-2.56041 -2.44179  -2.1442 -2.01337 -2.56041 -2.56041 -2.22618 -2.56041 -2.67903 -2.97663 -3.10746 -2.56041 -2.56041 -2.89464 -2.56041
 1.43937  1.52626  1.31692  1.38865  1.63366  1.44962  1.43937  1.44081  1.35248  1.56182  1.49009  1.24508  1.42912  1.43937  1.43793
  1.7022   1.8537  1.55339  1.52309  2.16417  1.88866   1.7022  1.75457  1.55069  1.85101  1.88131  1.24022  1.51573   1.7022  1.64983
x_ =  6.35928
-1.00985
-2.21307
 1.13159
 1.04829
